test_iter: 25
test_interval: 35
base_lr: 2.49999993684e-05
display: 4
max_iter: 35000
lr_policy: "exp"
gamma: 0.999971270561
momentum: 0.899999976158
weight_decay: 2.49999999369e-07
snapshot: 1750
snapshot_prefix: "snapshot"
solver_mode: GPU
net: "train_val.prototxt"
solver_type: ADAM
